4181
677
6994
2444
7179
8323
8159
8818
7284
9646
92
8396
6991
849
4110
6622
2643
8499
89
429
4434
6500
960
7317
3049
5160
8294
858
6392
9139
8946
8384
3618
1574
4221
8511
7063
3481
9396
9601
6688
6810
1176
3006
1931
3012
2489
2347
1112
7652
4036
4638
1763
6472
9514
245
6948
969
3667
8535
2003
7354
8819
2826
7407
6961
5660
1671
3264
1350
3492
972
8971
4185
4009
9056
7847
4041
8274
8764
8766
3762
6967
2328
1190
9303
8196
516
5633
2593
8922
3512
2114
2422
7078
3581
5696
5757
9974
5198
4159
5617
6505
7417
6093
2388
7703
2491
1259
1494
3137
6283
7037
1798
7706
4149
8340
7384
6950
5418
5433
4776
785
1029
1340
4222
8436
3009
2367
7907
7219
1578
1548
2915
5034
9026
5982
7522
9370
1237
9343
5876
4831
3678
377
2216
7540
1659
2882
3284
4568
7839
1412
3287
8450
1703
1115
5579
8147
767
1106
9914
9916
6981
6815
8979
4528
8717
8070
6716
4747
2439
6090
6794
3347
7023
987
6495
221
2868
683
144
7619
3499
4602
9382
2501
3668
757
6725
2013
7645
8802
1003
4744
6789
6463
9722
5442
2244
3292
3658
7569
5226
8917
9569
293
757
5999
9907
5358
6071
7189
6476
8750
5414
5843
8108
8752
4277
243
6995
1914
8964
1078
6957
2543
8372
4886
5695
7080
5422
8553
291
7428
6868
9288
5856
5053
4920
1937
8750
7790
4939
7434
7640
5617
505
871
8306
1645
1795
9133
5901
4737
1180
7832
1817
9386
5545
8826
2091
3755
7971
2261
1279
9149
1597
2091
2584
324
6847
3924
7573
9285
666
7104
6062
4725
218
765
7072
8084
2005
6571
7596
6218
814
4926
6183
9968
5804
148
1510
8626
1371
7096
8920
1715
233
4566
6472
2113
9476
1344
1955
3003
8123
7008
5815
353
1602
1502
9757
9131
8834
2357
3640
2637
4448
9729
6142
1449
4165
3068
3959
5397
8238
3401
9923
8270
2324
6304
